0000000000000000000000000000000000000000000000000000000000000000000000000000000000000000000000000000000000000000
0100000000000001000000000000010000000000000100000000000001000000000000010000000000000100000000000001000000000000
0101000010100001010000101000010100001010000101000010100001010000101000010100001010000101000010100001010000101000
0101100101100001011001011000010110010110000101100101100001011001011000010110010110000101100101100001011001011000
0101100101100001011001011000010110010110000101100101100001011001011000010110000000000101100011000101011001011000
0100001001110101000100110100010001110001000100100100111001001011010000010011010010100100111011110101010000101000
0010110000111000101111010010001100100100100011010100110000111000000010001110101100010011110101101101000000000000
0001000110101000010101001000000110001001000001101111110100011111010100001000101010000010010111100100101001000101
1111010101011111111000111001111111000111000000000000000000000011100011000001110001100000101010100000001110001010
1101101000011111011101010111111000001010111110010000001011100111011011111010101101111110111001011011110001110101
1100001010010011000101001110110001111111011100101011001111001101101110110100001011011101001111000111010110111010
1011000100001010110010110101101101001100001011011011000110111000111011101110110010111011110110001011000000000000
1010011100111110100111111111101010001110011010100111101110101011000101101011000110001010110111001110101111010111
1010011000011110100101110001101001011001001010010101111110100101100100101001011100011010011000011110100110100111
1010110111001110101100011000101010110001011010100111101110101000111001101001111111111010011100111110100110100111
1011110110001010111011001011101110001110111011011011000110110100101111101100101101011011000100001010101111010111
1101001111000111010000101101110011011011011100101011001111000111111101110001010011101100001010010011000000000000
1110111001010111101010110111111001110110111110010000001011100000101011110111010101111101101000011111010110111010
0000101010100000000111000110000000111000111111111111111111111100011100111110001110011111010101011111110001110101
0010010111100100100010101000000111110101000001101111110100011000100100000101010010000001000110100100001110001010
0011110101101100111010110001001110000000100011010100110000110010010001001011110100100010110000111000101001000101
0100111011110101001101001010010010110100000100100100111001000111000100010001001101000100001001110100111111111111
0101100011000101011000000000010101110001100101011000010001010100111010010100111001110101001000110001010000101000
0101100111100001011010001110010110100110110101101010000001011010011011010110100011100101100111100001011001011000
0101001000110001010011100111010101001110100101011000010001010111000110010110000000000101100011000101011001011000
0100001001110101000100110100010001110001000100100100111001001011010000010011010010100100111011110101010000101000
0010110000111000101111010010001100100100100011010100110000111000000010001110101100010011110101101101000000000000
0001000110101000010101001000000110001001000001101111110100011111010100001000101010000010010111100100101001000101
1111010101011111111000111001111111000111000000000000000000000011100011000001110001100000101010100000001110001010
1101101000011111011101010111111000001010111110010000001011100111011011111010101101111110111001011011110001110101
1100001010010011000101001110110001111111011100101011001111001101101110110100001011011101001111000111010110111010
1011000100001010110010110101101101001100001011011011000110111000111011101110110010111011110110001011000000000000
1010011100111110100111111111101010001110011010100111101110101011000101101011000110001010110111001110101111010111
1010011000011110100101110001101001011001001010010101111110100101100100101001011100011010011000011110100110100111
1010110111001110101100011000101010110001011010100111101110101000111001101001111111111010011100111110100110100111
1011110110001010111011001011101110001110111011011011000110110100101111101100101101011011000100001010101111010111
1101001111000111010000101101110011011011011100101011001111000111111101110001010011101100001010010011000000000000
1110111001010111101010110111111001110110111110010000001011100000101011110111010101111101101000011111010110111010
0000101010100000000111000110000000111000111111111111111111111100011100111110001110011111010101011111110001110101
0010010111100100100010101000000111110101000001101111110100011000100100000101010010000001000110100100001110001010
0011110101101100111010110001001110000000100011010100110000110010010001001011110100100010110000111000101001000101
0100111011110101001101001010010010110100000100100100111001000111000100010001001101000100001001110100111111111111
0101100011000101011000000000010101110001100101011000010001010100111010010100111001110101001000110001010000101000
0101100111100001011010001110010110100110110101101010000001011010011011010110100011100101100111100001011001011000
0000000000000000000000000000000000000000000000000000000000000000000000000000000000000000000000000000000000000000
0101001000110001010011100111010101001110100101011000010001010111000110010110000000000101100011000101011001011000
0100001001110101000100110100010001110001000100100100111001001011010000010011010010100100111011110101010000101000
0010110000111000101111010010001100100100100011010100110000111000000010001110101100010011110101101101000000000000
0001000110101000010101001000000110001001000001101111110100011111010100001000101010000010010111100100101001000101
1111010101011111111000111001111111000111000000000000000000000011100011000001110001100000101010100000001110001010
1101101000011111011101010111111000001010111110010000001011100111011011111010101101111110111001011011110001110101
1100001010010011000101001110110001111111011100101011001111001101101110110100001011011101001111000111010110111010
1011000100001010110010110101101101001100001011011011000110111000111011101110110010111011110110001011000000000000
1010011100111110100111111111101010001110011010100111101110101011000101101011000110001010110111001110101111010111
1010011000011110100101110001101001011001001010010101111110100101100100101001011100011010011000011110100110100111
1010110111001110101100011000101010110001011010100111101110101000111001101001111111111010011100111110100110100111
1011110110001010111011001011101110001110111011011011000110110100101111101100101101011011000100001010101111010111
1101001111000111010000101101110011011011011100101011001111000111111101110001010011101100001010010011000000000000
1110111001010111101010110111111001110110111110010000001011100000101011110111010101111101101000011111010110111010
0000101010100000000111000110000000111000111111111111111111111100011100111110001110011111010101011111110001110101
0010010111100100100010101000000111110101000001101111110100011000100100000101010010000001000110100100001110001010
0011110101101100111010110001001110000000100011010100110000110010010001001011110100100010110000111000101001000101
0100111011110101001101001010010010110100000100100100111001000111000100010001001101000100001001110100111111111111
0101100011000101011000000000010101110001100101011000010001010100111010010100111001110101001000110001010000101000
0101100111100001011010001110010110100110110101101010000001011010011011010110100011100101100111100001011001011000
1101101000011011011101010111111000001010111110010000001011100111011011111010101101111110111001011011110001110101
1100001010010011000101001110110001111111011100101011001111001101101110110100001011011101001111000111010110111010
1011000100001010110010110101101101001011111011011011000110111000111011101110110010111011110110001011000000000000
1010011100111010100111111111101010001110011010100111101110101011000101101011000110001010110111001110101111010111
1010011000011110100101110001101001011001001010010101111110100101100100101001011100011010011000011110100110100111
1010110111001110101100011000101010110001011010100111101110101000111001101001111111111010011100111010100110100111
1011110110001010111011001011101110001110111011011011000110110100101111101100101101011011000100001010101111010111
1101001111000111010000101101110011011011011100101011001111000111111101110001010011101100001010010010111111111111
1110111001010111101010110111111001110110111110010000001011100000101011110111010101111101101000011011010110111010
0000101010100000000111000110000000111000111111111111111111111100011100111110001110011111010101011111110001110101
0010010111100000100010101000000111110101000001101111110100011000100100000101010010000001000110100100001110001010
0011110101101100111010110001001110000000100011010100110000110010010001001011110100100010110000111000101001000101
0100111011110101001101001010010010110011110100100100111001000111000100010001001101000100001001110100111111111111
0101100011000001011000000000010101110001100101011000010001010100111010010100111001110101001000110001010000101000
0101100111100001011010001110010110100110110101101010000001011010011011010110100011100101100111100001011001011000
0101001000110001010011100111010101001110100101011000010001010111000110010110000000000101100011000001011001011000
0100001001110101000100110100010001110001000100100100111001001011010000010011010010100100111011110101010000101000
0010110000111000101111010010001100100100100011010100110000111000000010001110101100010011110101101100111111111111
0001000110101000010101001000000110001001000001101111110100011111010100001000101010000010010111100000101001000101
1111010101011111111000111001111111000111000000000000000000000011100011000001110001100000101010100000001110001010
0101001000110001010011100111010101001110100101011000010001010111000110010110000000000101100011000101011001011000
0100001001110101000100110100010001110001000100100100111001001011010000010011010010100100111011110101010000101000
0010110000111000101111010010001100100100100011010100110000111000000010001110101100010011110101101101000000000000
0001000110101000010101001000000110001001000001101111110100011111010100001000101010000010010111100100101001000101
1111010101011111111000111001111111000111000000000000000000000011100011000001110001100000101010100000001110001010
1101101000011111011101010111111000001010111110010000001011100111011011111010101101111110111001011011110001110101
1100001010010011000101001110110001111111011100101011001111001101101110110100001011011101001111000111010110111010
1011000100001010110010110101101101001100001011011011000110111000111011101110110010111011110110001011000000000000
1010011100111110100111111111101010001110011010100111101110101011000101101011000110001010110111001110101111010111
1010011000011110100101110001101001011001001010010101111110100101100100101001011100011010011000011110100110100111
1010110111001110101100011000101010110001011010100111101110101000111001101001111111111010011100111110100110100111
1011110110001010111011001011101110001110111011011011000110110100101111101100101101011011000100001010101111010111
1101001111000111010000101101110011011011011100101011001111000111111101110001010011101100001010010011000000000000
1110111001010111101010110111111001110110111110010000001011100000101011110111010101111101101000011111010110111010
0000101010100000000111000110000000111000111111111111111111111100011100111110001110011111010101011111110001110101
0010010111100100100010101000000111110101000001101111110100011000100100000101010010000001000110100100001110001010
0011110101101100111010110001001110000000100011010100110000110010010001001011110100100010110000111000101001000101
0100111011110101001101001010010010110100000100100100111001000111000100010001001101000100001001110100111111111111
0101100011000101011000000000010101110001100101011000010001010100111010010100111001110101001000110001010000101000
0101100111100001011010001110010110100110110101101010000001011010011011010110100011100101100111100001011001011000
0000000000000000000000000000000000000000000000000000000000000000000000000000000000000000000000000000000000000000
0101001000110001010011100111010101001110100101011000010001010111000110010110000000000101100011000101011001011000
0100001001110101000100110100010001110001000100100100111001001011010000010011010010100100111011110101010000101000
0010110000111000101111010010001100100100100011010100110000111000000010001110101100010011110101101101000000000000
0001000110101000010101001000000110001001000001101111110100011111010100001000101010000010010111100100101001000101
1111010101011111111000111001111111000111000000000000000000000011100011000001110001100000101010100000001110001010
1101101000011111011101010111111000001010111110010000001011100111011011111010101101111110111001011011110001110101
1100001010010011000101001110110001111111011100101011001111001101101110110100001011011101001111000111010110111010
1011000100001010110010110101101101001100001011011011000110111000111011101110110010111011110110001011000000000000
1010011100111110100111111111101010001110011010100111101110101011000101101011000110001010110111001110101111010111
1010011000011110100101110001101001011001001010010101111110100101100100101001011100011010011000011110100110100111
1010110111001110101100011000101010110001011010100111101110101000111001101001111111111010011100111110100110100111
1011110110001010111011001011101110001110111011011011000110110100101111101100101101011011000100001010101111010111
1101001111000111010000101101110011011011011100101011001111000111111101110001010011101100001010010011000000000000
1110111001010111101010110111111001110110111110010000001011100000101011110111010101111101101000011111010110111010
0000101010100000000111000110000000111000111111111111111111111100011100111110001110011111010101011111110001110101
0010010111100100100010101000000111110101000001101111110100011000100100000101010010000001000110100100001110001010
0011110101101100111010110001001110000000100011010100110000110010010001001011110100100010110000111000101001000101
0100111011110101001101001010010010110100000100100100111001000111000100010001001101000100001001110100111111111111
0101100011000101011000000000010101110001100101011000010001010100111010010100111001110101001000110001010000101000
0101100111100001011010001110010110100110110101101010000001011010011011010110100011100101100111100001011001011000
1010110111001110101100011000101010110001011010100111101110101000111001101001111111111010011100111010100110100110
1011110110001010111011001011101110001110111011011011000110110100101111101100101101011011000100000110101111010110
1101001111000111010000101101110011011011011100101011001111000111111101110001010011101100001010001110111111111111
1110111001010111101010110111111001110110111110010000001011100000101011110111010101111101101000011011010110111001
0000101010100000000111000110000000111000111111111111111111111100011100111110001110011111010101011111110001110101
0010010111100000100010101000000111110101000001101111110100011000100100000101010001110001000110100100001110001001
0011110101101100111010110001001110000000010011010100110000110010010001001011110100100010110000110100101001000101
0100111011110101001101001010010010110011110100100100110101000111000100010001001101000100001001110100111111111111
0101100011000001010111111111010101110001100101011000010001010100111010010100111001110101001000110001010000101000
0101100111011101011010001110010110100110110101101010000001011010011011010110100011100101100111011101011001011000
0101001000110001010011100111010101001110100101011000010001010111000110010101111111110101100011000001011001011000
0100001001110101000100110100010001110001000100100100110101001011010000010011010010100100111011110101010000101000
0010110000110100101111010010001100100100100011010100110000111000000001001110101100010011110101101100111111111111
0001000110101000010101000111000110001001000001101111110100011111010100001000101010000010010111100000101001000101
1111010101011111111000111001111111000111000000000000000000000011100011000001110001100000101010100000001110001001
1101101000011011011101010111111000001010111110010000001011100111011011111010101101111110111001011011110001110101
1100001010001111000101001110110001111111011100101011001111001101101110110100001011011101001111000111010110111001
1011000100000110110010110101101101001011111011011011000110111000111011101110110010111011110110001011000000000000
1010011100111010100111111111101010001110011010100111101110101011000101101011000110001010110111001110101111010110
1010011000011110100101110001101001011000111010010101111110100101100011101001011100011010011000011110100110100110
0101001000110001010011100111010101001110100101011000010001010111000110010110000000000101100011000101011001011000
0100001001110101000100110100010001110001000100100100111001001011010000010011010010100100111011110101010000101000
0010110000111000101111010010001100100100100011010100110000111000000010001110101100010011110101101101000000000000
0001000110101000010101001000000110001001000001101111110100011111010100001000101010000010010111100100101001000101
1111010101011111111000111001111111000111000000000000000000000011100011000001110001100000101010100000001110001010
1101101000011111011101010111111000001010111110010000001011100111011011111010101101111110111001011011110001110101
1100001010010011000101001110110001111111011100101011001111001101101110110100001011011101001111000111010110111010
1011000100001010110010110101101101001100001011011011000110111000111011101110110010111011110110001011000000000000
1010011100111110100111111111101010001110011010100111101110101011000101101011000110001010110111001110101111010111
1010011000011110100101110001101001011001001010010101111110100101100100101001011100011010011000011110100110100111
1010110111001110101100011000101010110001011010100111101110101000111001101001111111111010011100111110100110100111
1011110110001010111011001011101110001110111011011011000110110100101111101100101101011011000100001010101111010111
1101001111000111010000101101110011011011011100101011001111000111111101110001010011101100001010010011000000000000
1110111001010111101010110111111001110110111110010000001011100000101011110111010101111101101000011111010110111010
0000101010100000000111000110000000111000111111111111111111111100011100111110001110011111010101011111110001110101
0010010111100100100010101000000111110101000001101111110100011000100100000101010010000001000110100100001110001010
0011110101101100111010110001001110000000100011010100110000110010010001001011110100100010110000111000101001000101
0100111011110101001101001010010010110100000100100100111001000111000100010001001101000100001001110100111111111111
0101100011000101011000000000010101110001100101011000010001010100111010010100111001110101001000110001010000101000
0101100111100001011010001110010110100110110101101010000001011010011011010110100011100101100111100001011001011000
0000000000000000000000000000000000000000000000000000000000000000000000000000000000000000000000000000000000000000
0101001000110001010011100111010101001110100101011000010001010111000110010110000000000101100011000101011001011000
0100001001110101000100110100010001110001000100100100111001001011010000010011010010100100111011110101010000101000
0010110000111000101111010010001100100100100011010100110000111000000010001110101100010011110101101101000000000000
0001000110101000010101001000000110001001000001101111110100011111010100001000101010000010010111100100101001000101
1111010101011111111000111001111111000111000000000000000000000011100011000001110001100000101010100000001110001010
1101101000011111011101010111111000001010111110010000001011100111011011111010101101111110111001011011110001110101
1100001010010011000101001110110001111111011100101011001111001101101110110100001011011101001111000111010110111010
1011000100001010110010110101101101001100001011011011000110111000111011101110110010111011110110001011000000000000
1010011100111110100111111111101010001110011010100111101110101011000101101011000110001010110111001110101111010111
1010011000011110100101110001101001011001001010010101111110100101100100101001011100011010011000011110100110100111
1010110111001110101100011000101010110001011010100111101110101000111001101001111111111010011100111110100110100111
1011110110001010111011001011101110001110111011011011000110110100101111101100101101011011000100001010101111010111
1101001111000111010000101101110011011011011100101011001111000111111101110001010011101100001010010011000000000000
1110111001010111101010110111111001110110111110010000001011100000101011110111010101111101101000011111010110111010
0000101010100000000111000110000000111000111111111111111111111100011100111110001110011111010101011111110001110101
0010010111100100100010101000000111110101000001101111110100011000100100000101010010000001000110100100001110001010
0011110101101100111010110001001110000000100011010100110000110010010001001011110100100010110000111000101001000101
0100111011110101001101001010010010110100000100100100111001000111000100010001001101000100001001110100111111111111
0101100011000101011000000000010101110001100101011000010001010100111010010100111001110101001000110001010000101000
0101100111100001011010001110010110100110110101101010000001011010011011010110100011100101100111100001011001011000
0010010111100000100010101000000111110101000001101111110100011000100100000101010010000001000110100100001110001010
0011110101101100111010110001001110000000100011010100110000110010010001001011110100100010110000111000101001000101
0100111011110101001101001010010010110011110100100100111001000111000100010001001101000100001001110100111111111111
0101100011000001011000000000010101110001100101011000010001010100111010010100111001110101001000110001010000101000
0101100111100001011010001110010110100110110101101010000001011010011011010110100011100101100111100001011001011000
0101001000110001010011100111010101001110100101011000010001010111000110010110000000000101100011000001011001011000
0100001001110101000100110100010001110001000100100100111001001011010000010011010010100100111011110101010000101000
0010110000111000101111010010001100100100100011010100110000111000000010001110101100010011110101101100111111111111
0001000110101000010101001000000110001001000001101111110100011111010100001000101010000010010111100000101001000101
1111010101011111111000111001111111000111000000000000000000000011100011000001110001100000101010100000001110001010
1101101000011011011101010111111000001010111110010000001011100111011011111010101101111110111001011011110001110101
1100001010010011000101001110110001111111011100101011001111001101101110110100001011011101001111000111010110111010
1011000100001010110010110101101101001011111011011011000110111000111011101110110010111011110110001011000000000000
1010011100111010100111111111101010001110011010100111101110101011000101101011000110001010110111001110101111010111
1010011000011110100101110001101001011001001010010101111110100101100100101001011100011010011000011110100110100111
1010110111001110101100011000101010110001011010100111101110101000111001101001111111111010011100111010100110100111
1011110110001010111011001011101110001110111011011011000110110100101111101100101101011011000100001010101111010111
1101001111000111010000101101110011011011011100101011001111000111111101110001010011101100001010010010111111111111
1110111001010111101010110111111001110110111110010000001011100000101011110111010101111101101000011011010110111010
0000101010100000000111000110000000111000111111111111111111111100011100111110001110011111010101011111110001110101
0101001000110001010011100111010101001110100101011000010001010111000110010110000000000101100011000101011001011000
0100001001110101000100110100010001110001000100100100111001001011010000010011010010100100111011110101010000101000
0010110000111000101111010010001100100100100011010100110000111000000010001110101100010011110101101101000000000000
0001000110101000010101001000000110001001000001101111110100011111010100001000101010000010010111100100101001000101
1111010101011111111000111001111111000111000000000000000000000011100011000001110001100000101010100000001110001010
1101101000011111011101010111111000001010111110010000001011100111011011111010101101111110111001011011110001110101
1100001010010011000101001110110001111111011100101011001111001101101110110100001011011101001111000111010110111010
1011000100001010110010110101101101001100001011011011000110111000111011101110110010111011110110001011000000000000
1010011100111110100111111111101010001110011010100111101110101011000101101011000110001010110111001110101111010111
1010011000011110100101110001101001011001001010010101111110100101100100101001011100011010011000011110100110100111
1010110111001110101100011000101010110001011010100111101110101000111001101001111111111010011100111110100110100111
1011110110001010111011001011101110001110111011011011000110110100101111101100101101011011000100001010101111010111
1101001111000111010000101101110011011011011100101011001111000111111101110001010011101100001010010011000000000000
1110111001010111101010110111111001110110111110010000001011100000101011110111010101111101101000011111010110111010
0000101010100000000111000110000000111000111111111111111111111100011100111110001110011111010101011111110001110101
0010010111100100100010101000000111110101000001101111110100011000100100000101010010000001000110100100001110001010
0011110101101100111010110001001110000000100011010100110000110010010001001011110100100010110000111000101001000101
0100111011110101001101001010010010110100000100100100111001000111000100010001001101000100001001110100111111111111
0101100011000101011000000000010101110001100101011000010001010100111010010100111001110101001000110001010000101000
0101100111100001011010001110010110100110110101101010000001011010011011010110100011100101100111100001011001011000
0000000000000000000000000000000000000000000000000000000000000000000000000000000000000000000000000000000000000000
