0000000000000000000000000000000000000000000000000000000000000000
0101100001100100011111010000000001011000011001000000000000000000
0000000000000000010110000110010001111101000000000101100001100100
1010011110011100000000000000000001011000011001000111110100000000
1000001100000000101001111001110000000000000000000101100001100100
1010011110011100100000110000000010100111100111000000000000000000
0000000000000000101001111001110010000011000000001010011110011100
0101100001100100000000000000000010100111100111001000001100000000
0111110100000000010110000110010000000000000000001010011110011100
0101100001100100011111010000000001011000011001000000000000000000
0000000000000000010110000110010001111101000000000101100001100100
1010011110011100000000000000000001011000011001000111110100000000
1000001100000000101001111001110000000000000000000101100001100100
1010011110011100100000110000000010100111100111000000000000000000
0000000000000000101001111001110010000011000000001010011110011100
0101100001100100000000000000000010100111100111001000001100000000
0111110100000000010110000110010000000000000000001010011110011100
0101100001100100011111010000000001011000011001000000000000000000
0000000000000000010110000110010001111101000000000101100001100100
1010011110011100000000000000000001011000011001000111110100000000
1000001100000000101001111001110000000000000000000101100001100100
1010011110011100100000110000000010100111100111000000000000000000
0000000000000000101001111001110010000011000000001010011110011100
0101100001100100000000000000000010100111100111001000001100000000
0111110100000000010110000110010000000000000000001010011110011100
0101100001100100011111010000000001011000011001000000000000000000
0000000000000000010110000110010001111101000000000101100001100100
1010011110011100000000000000000001011000011001000111110100000000
1000001100000000101001111001110000000000000000000101100001100100
1010011110011100100000110000000010100111100111000000000000000000
0000000000000000101001111001110010000011000000001010011110011100
0101100001100100000000000000000010100111100111001000001100000000
0111110100000000010110000110010000000000000000001010011110011100
0101100001100100011111010000000001011000011001000000000000000000
0000000000000000010110000110010001111101000000000101100001100100
1010011110011100000000000000000001011000011001000111110100000000
1000001100000000101001111001110000000000000000000101100001100100
1010011110011100100000110000000010100111100111000000000000000000
0000000000000000101001111001110010000011000000001010011110011100
0101100001100100000000000000000010100111100111001000001100000000
0111110100000000010110000110010000000000000000001010011110011100
0101100001100100011111010000000001011000011001000000000000000000
0000000000000000010110000110010001111101000000000101100001100100
1010011110011100000000000000000001011000011001000111110100000000
1000001100000000101001111001110000000000000000000101100001100100
1010011110011100100000110000000010100111100111000000000000000000
0000000000000000101001111001110010000011000000001010011110011100
0101100001100100000000000000000010100111100111001000001100000000
0111110100000000010110000110010000000000000000001010011110011100
0101100001100100011111010000000001011000011001000000000000000000
0000000000000000010110000110010001111101000000000101100001100100
1010011110011100000000000000000001011000011001000111110100000000
1000001100000000101001111001110000000000000000000101100001100100
1010011110011100100000110000000010100111100111000000000000000000
0000000000000000101001111001110010000011000000001010011110011100
0101100001100100000000000000000010100111100111001000001100000000
0111110100000000010110000110010000000000000000001010011110011100
0101100001100100011111010000000001011000011001000000000000000000
0000000000000000010110000110010001111101000000000101100001100100
1010011110011100000000000000000001011000011001000111110100000000
1000001100000000101001111001110000000000000000000101100001100100
1010011110011100100000110000000010100111100111000000000000000000
0000000000000000101001111001110010000011000000001010011110011100
0101100001100100000000000000000010100111100111001000001100000000
0111110100000000010110000110010000000000000000001010011110011100
0101100001100100011111010000000001011000011001000000000000000000
0000000000000000010110000110010001111101000000000101100001100100
1010011110011100000000000000000001011000011001000111110100000000
1000001100000000101001111001110000000000000000000101100001100100
1010011110011100100000110000000010100111100111000000000000000000
0000000000000000101001111001110010000011000000001010011110011100
0101100001100100000000000000000010100111100111001000001100000000
0111110100000000010110000110010000000000000000001010011110011100
0101100001100100011111010000000001011000011001000000000000000000
0000000000000000010110000110010001111101000000000101100001100100
1010011110011100000000000000000001011000011001000111110100000000
1000001100000000101001111001110000000000000000000101100001100100
1010011110011100100000110000000010100111100111000000000000000000
0000000000000000101001111001110010000011000000001010011110011100
0101100001100100000000000000000010100111100111001000001100000000
0111110100000000010110000110010000000000000000001010011110011100
0101100001100100011111010000000001011000011001000000000000000000
0000000000000000010110000110010001111101000000000101100001100100
1010011110011100000000000000000001011000011001000111110100000000
1000001100000000101001111001110000000000000000000101100001100100
1010011110011100100000110000000010100111100111000000000000000000
0000000000000000101001111001110010000011000000001010011110011100
0101100001100100000000000000000010100111100111001000001100000000
0111110100000000010110000110010000000000000000001010011110011100
0101100001100100011111010000000001011000011001000000000000000000
0000000000000000010110000110010001111101000000000101100001100100
1010011110011100000000000000000001011000011001000111110100000000
1000001100000000101001111001110000000000000000000101100001100100
1010011110011100100000110000000010100111100111000000000000000000
0000000000000000101001111001110010000011000000001010011110011100
0101100001100100000000000000000010100111100111001000001100000000
0111110100000000010110000110010000000000000000001010011110011100
0101100001100100011111010000000001011000011001000000000000000000
0000000000000000010110000110010001111101000000000101100001100100
1010011110011100000000000000000001011000011001000111110100000000
1000001100000000101001111001110000000000000000000101100001100100
